{
 "cells": [
  {
   "cell_type": "code",
   "execution_count": null,
   "id": "469ef637",
   "metadata": {},
   "outputs": [],
   "source": [
    "#%pip install pandas\n",
    "#%pip install pandas_datareader\n",
    "#%pip install seaborn"
   ]
  },
  {
   "cell_type": "code",
   "execution_count": 90,
   "id": "74f7bce4",
   "metadata": {},
   "outputs": [
    {
     "name": "stdout",
     "output_type": "stream",
     "text": [
      "Python: 3.12.12 | packaged by conda-forge | (main, Jan 27 2026, 00:01:15) [Clang 19.1.7 ]\n",
      "matplotlib: 3.10.8, pandas: 2.3.3, numpy: 2.4.2\n"
     ]
    }
   ],
   "source": [
    "from multi_stock_downloader import MultiStockDownloader\n",
    "\n",
    "import sys, os, re, glob\n",
    "import datetime as dt\n",
    "import numpy as np\n",
    "import pandas as pd\n",
    "import matplotlib\n",
    "import matplotlib.pyplot as plt\n",
    "import seaborn as sns\n",
    "\n",
    "\n",
    "from numpy.random import random, uniform, dirichlet, choice\n",
    "from numpy.linalg import inv\n",
    "from scipy.optimize import minimize\n",
    "from matplotlib.ticker import FuncFormatter\n",
    "import math\n",
    "from datetime import datetime, timedelta\n",
    "import pandas_datareader.data as web\n",
    "import datetime as dt\n",
    "\n",
    "# Options\n",
    "np.set_printoptions(precision=5, linewidth=120, suppress=True)\n",
    "pd.set_option(\"display.max_rows\", None)\n",
    "plt.rcParams[\"figure.figsize\"] = [12, 8]\n",
    "\n",
    "# Diagnostic\n",
    "print(f\"Python: {sys.version}\")\n",
    "print(f\"matplotlib: {matplotlib.__version__}, pandas: {pd.__version__}, numpy: {np.__version__}\")\n"
   ]
  },
  {
   "cell_type": "code",
   "execution_count": 92,
   "id": "05772e30",
   "metadata": {},
   "outputs": [
    {
     "name": "stderr",
     "output_type": "stream",
     "text": [
      "[*********************100%***********************]  1 of 1 completed\n",
      "[*********************100%***********************]  1 of 1 completed\n",
      "[*********************100%***********************]  1 of 1 completed\n",
      "[*********************100%***********************]  1 of 1 completed\n",
      "[*********************100%***********************]  1 of 1 completed\n",
      "[*********************100%***********************]  1 of 1 completed\n",
      "[*********************100%***********************]  1 of 1 completed"
     ]
    },
    {
     "name": "stdout",
     "output_type": "stream",
     "text": [
      "Downloading AAPL data from 2023-01-01 to 2026-03-04...\n",
      "Successfully downloaded 793 records\n",
      "Downloading AMZN data from 2023-01-01 to 2026-03-04...\n",
      "Successfully downloaded 793 records\n",
      "Downloading NVDA data from 2023-01-01 to 2026-03-04...\n",
      "Successfully downloaded 793 records\n",
      "Downloading MSFT data from 2023-01-01 to 2026-03-04...\n",
      "Successfully downloaded 793 records\n",
      "Downloading GOOGL data from 2023-01-01 to 2026-03-04...\n",
      "Successfully downloaded 793 records\n",
      "Downloading KO data from 2023-01-01 to 2026-03-04...\n",
      "Successfully downloaded 793 records\n",
      "Downloading NOC data from 2023-01-01 to 2026-03-04...\n",
      "Successfully downloaded 793 records\n",
      "Downloading PBR data from 2023-01-01 to 2026-03-04...\n"
     ]
    },
    {
     "name": "stderr",
     "output_type": "stream",
     "text": [
      "\n",
      "[*********************100%***********************]  1 of 1 completed"
     ]
    },
    {
     "name": "stdout",
     "output_type": "stream",
     "text": [
      "Successfully downloaded 793 records\n",
      "                  AAPL       AMZN       NVDA        MSFT      GOOGL  \\\n",
      "Date                                                                  \n",
      "2023-01-03  123.096016  85.820000  14.300682  233.452850  88.451698   \n",
      "2023-01-04  124.365662  85.139999  14.734249  223.240829  87.419487   \n",
      "2023-01-05  123.046814  83.120003  14.250734  216.624435  85.553581   \n",
      "2023-01-06  127.574219  86.080002  14.844140  219.177460  86.685013   \n",
      "2023-01-09  128.095825  87.360001  15.612370  221.311432  87.359924   \n",
      "\n",
      "                   KO         NOC       PBR  \n",
      "Date                                         \n",
      "2023-01-03  57.519154  512.250793  5.777775  \n",
      "2023-01-04  57.491745  499.092194  5.905494  \n",
      "2023-01-05  56.833858  501.054565  6.160933  \n",
      "2023-01-06  57.930336  494.323578  6.252160  \n",
      "2023-01-09  57.208481  469.665192  6.227833  \n"
     ]
    },
    {
     "name": "stderr",
     "output_type": "stream",
     "text": [
      "\n"
     ]
    }
   ],
   "source": [
    "dl = MultiStockDownloader(\n",
    "    tickers=['AAPL', 'AMZN', 'NVDA', 'MSFT', 'GOOGL', 'KO', 'NOC', 'PBR'],\n",
    "    start_date='2023-01-01'\n",
    ")\n",
    "df = dl.download()\n",
    "print(df.head())"
   ]
  },
  {
   "cell_type": "code",
   "execution_count": 93,
   "id": "4a5cf7eb",
   "metadata": {},
   "outputs": [
    {
     "data": {
      "text/html": [
       "<div>\n",
       "<style scoped>\n",
       "    .dataframe tbody tr th:only-of-type {\n",
       "        vertical-align: middle;\n",
       "    }\n",
       "\n",
       "    .dataframe tbody tr th {\n",
       "        vertical-align: top;\n",
       "    }\n",
       "\n",
       "    .dataframe thead th {\n",
       "        text-align: right;\n",
       "    }\n",
       "</style>\n",
       "<table border=\"1\" class=\"dataframe\">\n",
       "  <thead>\n",
       "    <tr style=\"text-align: right;\">\n",
       "      <th></th>\n",
       "      <th>AAPL</th>\n",
       "      <th>AMZN</th>\n",
       "      <th>NVDA</th>\n",
       "      <th>MSFT</th>\n",
       "      <th>GOOGL</th>\n",
       "      <th>KO</th>\n",
       "      <th>NOC</th>\n",
       "      <th>PBR</th>\n",
       "    </tr>\n",
       "    <tr>\n",
       "      <th>Date</th>\n",
       "      <th></th>\n",
       "      <th></th>\n",
       "      <th></th>\n",
       "      <th></th>\n",
       "      <th></th>\n",
       "      <th></th>\n",
       "      <th></th>\n",
       "      <th></th>\n",
       "    </tr>\n",
       "  </thead>\n",
       "  <tbody>\n",
       "    <tr>\n",
       "      <th>2026-02-25</th>\n",
       "      <td>274.230011</td>\n",
       "      <td>210.639999</td>\n",
       "      <td>195.559998</td>\n",
       "      <td>400.600006</td>\n",
       "      <td>312.899994</td>\n",
       "      <td>80.470001</td>\n",
       "      <td>703.650024</td>\n",
       "      <td>16.709999</td>\n",
       "    </tr>\n",
       "    <tr>\n",
       "      <th>2026-02-26</th>\n",
       "      <td>272.950012</td>\n",
       "      <td>207.919998</td>\n",
       "      <td>184.889999</td>\n",
       "      <td>401.720001</td>\n",
       "      <td>307.380005</td>\n",
       "      <td>80.500000</td>\n",
       "      <td>710.900024</td>\n",
       "      <td>16.610001</td>\n",
       "    </tr>\n",
       "    <tr>\n",
       "      <th>2026-02-27</th>\n",
       "      <td>264.179993</td>\n",
       "      <td>210.000000</td>\n",
       "      <td>177.190002</td>\n",
       "      <td>392.739990</td>\n",
       "      <td>311.760010</td>\n",
       "      <td>81.559998</td>\n",
       "      <td>724.380005</td>\n",
       "      <td>16.629999</td>\n",
       "    </tr>\n",
       "    <tr>\n",
       "      <th>2026-03-02</th>\n",
       "      <td>264.720001</td>\n",
       "      <td>208.389999</td>\n",
       "      <td>182.479996</td>\n",
       "      <td>398.549988</td>\n",
       "      <td>306.519989</td>\n",
       "      <td>80.220001</td>\n",
       "      <td>768.020020</td>\n",
       "      <td>17.320000</td>\n",
       "    </tr>\n",
       "    <tr>\n",
       "      <th>2026-03-03</th>\n",
       "      <td>263.750000</td>\n",
       "      <td>208.729996</td>\n",
       "      <td>180.050003</td>\n",
       "      <td>403.929993</td>\n",
       "      <td>303.579987</td>\n",
       "      <td>79.339996</td>\n",
       "      <td>759.109985</td>\n",
       "      <td>16.959999</td>\n",
       "    </tr>\n",
       "  </tbody>\n",
       "</table>\n",
       "</div>"
      ],
      "text/plain": [
       "                  AAPL        AMZN        NVDA        MSFT       GOOGL  \\\n",
       "Date                                                                     \n",
       "2026-02-25  274.230011  210.639999  195.559998  400.600006  312.899994   \n",
       "2026-02-26  272.950012  207.919998  184.889999  401.720001  307.380005   \n",
       "2026-02-27  264.179993  210.000000  177.190002  392.739990  311.760010   \n",
       "2026-03-02  264.720001  208.389999  182.479996  398.549988  306.519989   \n",
       "2026-03-03  263.750000  208.729996  180.050003  403.929993  303.579987   \n",
       "\n",
       "                   KO         NOC        PBR  \n",
       "Date                                          \n",
       "2026-02-25  80.470001  703.650024  16.709999  \n",
       "2026-02-26  80.500000  710.900024  16.610001  \n",
       "2026-02-27  81.559998  724.380005  16.629999  \n",
       "2026-03-02  80.220001  768.020020  17.320000  \n",
       "2026-03-03  79.339996  759.109985  16.959999  "
      ]
     },
     "execution_count": 93,
     "metadata": {},
     "output_type": "execute_result"
    }
   ],
   "source": [
    "df.tail()"
   ]
  },
  {
   "cell_type": "code",
   "execution_count": 94,
   "id": "8b3eccd8",
   "metadata": {},
   "outputs": [
    {
     "data": {
      "text/html": [
       "<div>\n",
       "<style scoped>\n",
       "    .dataframe tbody tr th:only-of-type {\n",
       "        vertical-align: middle;\n",
       "    }\n",
       "\n",
       "    .dataframe tbody tr th {\n",
       "        vertical-align: top;\n",
       "    }\n",
       "\n",
       "    .dataframe thead th {\n",
       "        text-align: right;\n",
       "    }\n",
       "</style>\n",
       "<table border=\"1\" class=\"dataframe\">\n",
       "  <thead>\n",
       "    <tr style=\"text-align: right;\">\n",
       "      <th></th>\n",
       "      <th>AAPL</th>\n",
       "      <th>AMZN</th>\n",
       "      <th>NVDA</th>\n",
       "      <th>MSFT</th>\n",
       "      <th>GOOGL</th>\n",
       "      <th>KO</th>\n",
       "      <th>NOC</th>\n",
       "      <th>PBR</th>\n",
       "    </tr>\n",
       "    <tr>\n",
       "      <th>Date</th>\n",
       "      <th></th>\n",
       "      <th></th>\n",
       "      <th></th>\n",
       "      <th></th>\n",
       "      <th></th>\n",
       "      <th></th>\n",
       "      <th></th>\n",
       "      <th></th>\n",
       "    </tr>\n",
       "  </thead>\n",
       "  <tbody>\n",
       "    <tr>\n",
       "      <th>2023-01-08</th>\n",
       "      <td>127.574219</td>\n",
       "      <td>86.080002</td>\n",
       "      <td>14.844140</td>\n",
       "      <td>219.177460</td>\n",
       "      <td>86.685013</td>\n",
       "      <td>57.930336</td>\n",
       "      <td>494.323578</td>\n",
       "      <td>6.252160</td>\n",
       "    </tr>\n",
       "    <tr>\n",
       "      <th>2023-01-15</th>\n",
       "      <td>132.633072</td>\n",
       "      <td>98.120003</td>\n",
       "      <td>16.882103</td>\n",
       "      <td>233.111740</td>\n",
       "      <td>91.429192</td>\n",
       "      <td>56.130291</td>\n",
       "      <td>437.451080</td>\n",
       "      <td>6.592746</td>\n",
       "    </tr>\n",
       "    <tr>\n",
       "      <th>2023-01-22</th>\n",
       "      <td>135.693985</td>\n",
       "      <td>97.250000</td>\n",
       "      <td>17.821161</td>\n",
       "      <td>234.076431</td>\n",
       "      <td>97.284927</td>\n",
       "      <td>54.896755</td>\n",
       "      <td>427.335480</td>\n",
       "      <td>6.969820</td>\n",
       "    </tr>\n",
       "    <tr>\n",
       "      <th>2023-01-29</th>\n",
       "      <td>143.626785</td>\n",
       "      <td>102.239998</td>\n",
       "      <td>20.344635</td>\n",
       "      <td>241.813370</td>\n",
       "      <td>98.624817</td>\n",
       "      <td>55.271385</td>\n",
       "      <td>414.906799</td>\n",
       "      <td>6.866429</td>\n",
       "    </tr>\n",
       "    <tr>\n",
       "      <th>2023-02-05</th>\n",
       "      <td>152.061493</td>\n",
       "      <td>103.389999</td>\n",
       "      <td>21.078897</td>\n",
       "      <td>251.742767</td>\n",
       "      <td>103.994255</td>\n",
       "      <td>54.668320</td>\n",
       "      <td>417.741455</td>\n",
       "      <td>6.592746</td>\n",
       "    </tr>\n",
       "  </tbody>\n",
       "</table>\n",
       "</div>"
      ],
      "text/plain": [
       "                  AAPL        AMZN       NVDA        MSFT       GOOGL  \\\n",
       "Date                                                                    \n",
       "2023-01-08  127.574219   86.080002  14.844140  219.177460   86.685013   \n",
       "2023-01-15  132.633072   98.120003  16.882103  233.111740   91.429192   \n",
       "2023-01-22  135.693985   97.250000  17.821161  234.076431   97.284927   \n",
       "2023-01-29  143.626785  102.239998  20.344635  241.813370   98.624817   \n",
       "2023-02-05  152.061493  103.389999  21.078897  251.742767  103.994255   \n",
       "\n",
       "                   KO         NOC       PBR  \n",
       "Date                                         \n",
       "2023-01-08  57.930336  494.323578  6.252160  \n",
       "2023-01-15  56.130291  437.451080  6.592746  \n",
       "2023-01-22  54.896755  427.335480  6.969820  \n",
       "2023-01-29  55.271385  414.906799  6.866429  \n",
       "2023-02-05  54.668320  417.741455  6.592746  "
      ]
     },
     "execution_count": 94,
     "metadata": {},
     "output_type": "execute_result"
    }
   ],
   "source": [
    "df_weekly_prices = df.resample('W').last()\n",
    "df_weekly_prices.head()"
   ]
  },
  {
   "cell_type": "code",
   "execution_count": 95,
   "id": "f37a06c5",
   "metadata": {},
   "outputs": [],
   "source": [
    "df_weekly_log_returns = \\\n",
    "    np.log(df_weekly_prices) - np.log(df_weekly_prices.shift(1))\n",
    "df_weekly_log_returns = df_weekly_log_returns.dropna(how='all')\n",
    "weekly_returns = df_weekly_log_returns.fillna(0)"
   ]
  },
  {
   "cell_type": "code",
   "execution_count": 96,
   "id": "97c79b2b",
   "metadata": {},
   "outputs": [],
   "source": [
    "return_array = weekly_returns.to_numpy()\n",
    "m_weekly_log = np.mean(return_array, axis=0)\n",
    "S_weekly_log = np.cov(return_array.transpose())"
   ]
  },
  {
   "cell_type": "code",
   "execution_count": 97,
   "id": "b4a29c54",
   "metadata": {},
   "outputs": [],
   "source": [
    "m_log = 52 * m_weekly_log\n",
    "S_log = 52 * S_weekly_log"
   ]
  },
  {
   "cell_type": "code",
   "execution_count": 98,
   "id": "6aa3206c",
   "metadata": {},
   "outputs": [
    {
     "data": {
      "text/plain": [
       "(165, 8)"
      ]
     },
     "execution_count": 98,
     "metadata": {},
     "output_type": "execute_result"
    }
   ],
   "source": [
    "weekly_returns.shape\n"
   ]
  },
  {
   "cell_type": "code",
   "execution_count": 99,
   "id": "bc44f41a",
   "metadata": {},
   "outputs": [
    {
     "data": {
      "text/plain": [
       "Index(['AAPL', 'AMZN', 'NVDA', 'MSFT', 'GOOGL', 'KO', 'NOC', 'PBR'], dtype='object')"
      ]
     },
     "execution_count": 99,
     "metadata": {},
     "output_type": "execute_result"
    }
   ],
   "source": [
    "weekly_returns.columns"
   ]
  },
  {
   "cell_type": "code",
   "execution_count": 101,
   "id": "eb05aee3",
   "metadata": {},
   "outputs": [],
   "source": [
    "stocks = weekly_returns.columns\n"
   ]
  },
  {
   "cell_type": "code",
   "execution_count": 102,
   "id": "0fbf3710",
   "metadata": {},
   "outputs": [
    {
     "data": {
      "text/plain": [
       "(8, 165)"
      ]
     },
     "execution_count": 102,
     "metadata": {},
     "output_type": "execute_result"
    }
   ],
   "source": [
    "n_obs, n_assets = weekly_returns.shape\n",
    "n_assets, n_obs"
   ]
  },
  {
   "cell_type": "code",
   "execution_count": 103,
   "id": "bd8deff7",
   "metadata": {},
   "outputs": [],
   "source": [
    "NUM_PF = 100000 # no of portfolios to simulate\n"
   ]
  },
  {
   "cell_type": "code",
   "execution_count": 104,
   "id": "6c7f42ea",
   "metadata": {},
   "outputs": [
    {
     "data": {
      "text/plain": [
       "array([0.08469, 0.076  , 0.21023, 0.13822, 0.18486, 0.11556, 0.07779, 0.11266])"
      ]
     },
     "execution_count": 104,
     "metadata": {},
     "output_type": "execute_result"
    }
   ],
   "source": [
    "x0 = uniform(0, 1, n_assets)\n",
    "x0 /= np.sum(np.abs(x0))\n",
    "x0"
   ]
  },
  {
   "cell_type": "markdown",
   "id": "656a7ee4",
   "metadata": {},
   "source": [
    "## Annualization Factor"
   ]
  },
  {
   "cell_type": "code",
   "execution_count": 105,
   "id": "9843e29e",
   "metadata": {},
   "outputs": [
    {
     "data": {
      "text/plain": [
       "41"
      ]
     },
     "execution_count": 105,
     "metadata": {},
     "output_type": "execute_result"
    }
   ],
   "source": [
    "periods_per_year = round(weekly_returns.resample('A').size().mean())\n",
    "periods_per_year"
   ]
  },
  {
   "cell_type": "markdown",
   "id": "dd4e7b35",
   "metadata": {},
   "source": [
    "## Compute Mean Returns, Covariance and Precision Matrix"
   ]
  },
  {
   "cell_type": "code",
   "execution_count": 106,
   "id": "445f6132",
   "metadata": {},
   "outputs": [
    {
     "data": {
      "text/html": [
       "<div>\n",
       "<style scoped>\n",
       "    .dataframe tbody tr th:only-of-type {\n",
       "        vertical-align: middle;\n",
       "    }\n",
       "\n",
       "    .dataframe tbody tr th {\n",
       "        vertical-align: top;\n",
       "    }\n",
       "\n",
       "    .dataframe thead th {\n",
       "        text-align: right;\n",
       "    }\n",
       "</style>\n",
       "<table border=\"1\" class=\"dataframe\">\n",
       "  <thead>\n",
       "    <tr style=\"text-align: right;\">\n",
       "      <th></th>\n",
       "      <th>AAPL</th>\n",
       "      <th>AMZN</th>\n",
       "      <th>NVDA</th>\n",
       "      <th>MSFT</th>\n",
       "      <th>GOOGL</th>\n",
       "      <th>KO</th>\n",
       "      <th>NOC</th>\n",
       "      <th>PBR</th>\n",
       "    </tr>\n",
       "  </thead>\n",
       "  <tbody>\n",
       "    <tr>\n",
       "      <th>AAPL</th>\n",
       "      <td>0.001330</td>\n",
       "      <td>0.000539</td>\n",
       "      <td>0.000815</td>\n",
       "      <td>0.000354</td>\n",
       "      <td>0.000698</td>\n",
       "      <td>0.000123</td>\n",
       "      <td>-0.000122</td>\n",
       "      <td>-0.000020</td>\n",
       "    </tr>\n",
       "    <tr>\n",
       "      <th>AMZN</th>\n",
       "      <td>0.000539</td>\n",
       "      <td>0.001599</td>\n",
       "      <td>0.001312</td>\n",
       "      <td>0.000738</td>\n",
       "      <td>0.000871</td>\n",
       "      <td>-0.000073</td>\n",
       "      <td>-0.000168</td>\n",
       "      <td>-0.000021</td>\n",
       "    </tr>\n",
       "    <tr>\n",
       "      <th>NVDA</th>\n",
       "      <td>0.000815</td>\n",
       "      <td>0.001312</td>\n",
       "      <td>0.003967</td>\n",
       "      <td>0.001200</td>\n",
       "      <td>0.000889</td>\n",
       "      <td>-0.000178</td>\n",
       "      <td>-0.000188</td>\n",
       "      <td>-0.000253</td>\n",
       "    </tr>\n",
       "    <tr>\n",
       "      <th>MSFT</th>\n",
       "      <td>0.000354</td>\n",
       "      <td>0.000738</td>\n",
       "      <td>0.001200</td>\n",
       "      <td>0.000962</td>\n",
       "      <td>0.000521</td>\n",
       "      <td>-0.000071</td>\n",
       "      <td>-0.000079</td>\n",
       "      <td>-0.000137</td>\n",
       "    </tr>\n",
       "    <tr>\n",
       "      <th>GOOGL</th>\n",
       "      <td>0.000698</td>\n",
       "      <td>0.000871</td>\n",
       "      <td>0.000889</td>\n",
       "      <td>0.000521</td>\n",
       "      <td>0.001753</td>\n",
       "      <td>-0.000010</td>\n",
       "      <td>-0.000094</td>\n",
       "      <td>-0.000049</td>\n",
       "    </tr>\n",
       "    <tr>\n",
       "      <th>KO</th>\n",
       "      <td>0.000123</td>\n",
       "      <td>-0.000073</td>\n",
       "      <td>-0.000178</td>\n",
       "      <td>-0.000071</td>\n",
       "      <td>-0.000010</td>\n",
       "      <td>0.000374</td>\n",
       "      <td>0.000158</td>\n",
       "      <td>0.000078</td>\n",
       "    </tr>\n",
       "    <tr>\n",
       "      <th>NOC</th>\n",
       "      <td>-0.000122</td>\n",
       "      <td>-0.000168</td>\n",
       "      <td>-0.000188</td>\n",
       "      <td>-0.000079</td>\n",
       "      <td>-0.000094</td>\n",
       "      <td>0.000158</td>\n",
       "      <td>0.001111</td>\n",
       "      <td>0.000146</td>\n",
       "    </tr>\n",
       "    <tr>\n",
       "      <th>PBR</th>\n",
       "      <td>-0.000020</td>\n",
       "      <td>-0.000021</td>\n",
       "      <td>-0.000253</td>\n",
       "      <td>-0.000137</td>\n",
       "      <td>-0.000049</td>\n",
       "      <td>0.000078</td>\n",
       "      <td>0.000146</td>\n",
       "      <td>0.002029</td>\n",
       "    </tr>\n",
       "  </tbody>\n",
       "</table>\n",
       "</div>"
      ],
      "text/plain": [
       "           AAPL      AMZN      NVDA      MSFT     GOOGL        KO       NOC  \\\n",
       "AAPL   0.001330  0.000539  0.000815  0.000354  0.000698  0.000123 -0.000122   \n",
       "AMZN   0.000539  0.001599  0.001312  0.000738  0.000871 -0.000073 -0.000168   \n",
       "NVDA   0.000815  0.001312  0.003967  0.001200  0.000889 -0.000178 -0.000188   \n",
       "MSFT   0.000354  0.000738  0.001200  0.000962  0.000521 -0.000071 -0.000079   \n",
       "GOOGL  0.000698  0.000871  0.000889  0.000521  0.001753 -0.000010 -0.000094   \n",
       "KO     0.000123 -0.000073 -0.000178 -0.000071 -0.000010  0.000374  0.000158   \n",
       "NOC   -0.000122 -0.000168 -0.000188 -0.000079 -0.000094  0.000158  0.001111   \n",
       "PBR   -0.000020 -0.000021 -0.000253 -0.000137 -0.000049  0.000078  0.000146   \n",
       "\n",
       "            PBR  \n",
       "AAPL  -0.000020  \n",
       "AMZN  -0.000021  \n",
       "NVDA  -0.000253  \n",
       "MSFT  -0.000137  \n",
       "GOOGL -0.000049  \n",
       "KO     0.000078  \n",
       "NOC    0.000146  \n",
       "PBR    0.002029  "
      ]
     },
     "execution_count": 106,
     "metadata": {},
     "output_type": "execute_result"
    }
   ],
   "source": [
    "mean_returns = weekly_returns.mean()\n",
    "cov_matrix = weekly_returns.cov()\n",
    "cov_matrix"
   ]
  },
  {
   "cell_type": "code",
   "execution_count": 107,
   "id": "75503562",
   "metadata": {},
   "outputs": [
    {
     "data": {
      "text/html": [
       "<div>\n",
       "<style scoped>\n",
       "    .dataframe tbody tr th:only-of-type {\n",
       "        vertical-align: middle;\n",
       "    }\n",
       "\n",
       "    .dataframe tbody tr th {\n",
       "        vertical-align: top;\n",
       "    }\n",
       "\n",
       "    .dataframe thead th {\n",
       "        text-align: right;\n",
       "    }\n",
       "</style>\n",
       "<table border=\"1\" class=\"dataframe\">\n",
       "  <thead>\n",
       "    <tr style=\"text-align: right;\">\n",
       "      <th></th>\n",
       "      <th>AAPL</th>\n",
       "      <th>AMZN</th>\n",
       "      <th>NVDA</th>\n",
       "      <th>MSFT</th>\n",
       "      <th>GOOGL</th>\n",
       "      <th>KO</th>\n",
       "      <th>NOC</th>\n",
       "      <th>PBR</th>\n",
       "    </tr>\n",
       "  </thead>\n",
       "  <tbody>\n",
       "    <tr>\n",
       "      <th>AAPL</th>\n",
       "      <td>1101.014253</td>\n",
       "      <td>-84.607133</td>\n",
       "      <td>-136.352849</td>\n",
       "      <td>-27.537577</td>\n",
       "      <td>-314.975646</td>\n",
       "      <td>-510.116808</td>\n",
       "      <td>129.717256</td>\n",
       "      <td>-6.012014</td>\n",
       "    </tr>\n",
       "    <tr>\n",
       "      <th>AMZN</th>\n",
       "      <td>-84.607133</td>\n",
       "      <td>1210.331572</td>\n",
       "      <td>-143.417098</td>\n",
       "      <td>-535.378503</td>\n",
       "      <td>-332.687011</td>\n",
       "      <td>62.858205</td>\n",
       "      <td>82.174257</td>\n",
       "      <td>-58.883625</td>\n",
       "    </tr>\n",
       "    <tr>\n",
       "      <th>NVDA</th>\n",
       "      <td>-136.352849</td>\n",
       "      <td>-143.417098</td>\n",
       "      <td>452.791403</td>\n",
       "      <td>-399.291505</td>\n",
       "      <td>15.394511</td>\n",
       "      <td>158.348249</td>\n",
       "      <td>-12.332771</td>\n",
       "      <td>21.655720</td>\n",
       "    </tr>\n",
       "    <tr>\n",
       "      <th>MSFT</th>\n",
       "      <td>-27.537577</td>\n",
       "      <td>-535.378503</td>\n",
       "      <td>-399.291505</td>\n",
       "      <td>2042.109343</td>\n",
       "      <td>-126.879566</td>\n",
       "      <td>98.641747</td>\n",
       "      <td>-42.064653</td>\n",
       "      <td>78.715345</td>\n",
       "    </tr>\n",
       "    <tr>\n",
       "      <th>GOOGL</th>\n",
       "      <td>-314.975646</td>\n",
       "      <td>-332.687011</td>\n",
       "      <td>15.394511</td>\n",
       "      <td>-126.879566</td>\n",
       "      <td>890.174351</td>\n",
       "      <td>53.758788</td>\n",
       "      <td>-24.575788</td>\n",
       "      <td>8.157412</td>\n",
       "    </tr>\n",
       "    <tr>\n",
       "      <th>KO</th>\n",
       "      <td>-510.116808</td>\n",
       "      <td>62.858205</td>\n",
       "      <td>158.348249</td>\n",
       "      <td>98.641747</td>\n",
       "      <td>53.758788</td>\n",
       "      <td>3156.120885</td>\n",
       "      <td>-448.411062</td>\n",
       "      <td>-66.472504</td>\n",
       "    </tr>\n",
       "    <tr>\n",
       "      <th>NOC</th>\n",
       "      <td>129.717256</td>\n",
       "      <td>82.174257</td>\n",
       "      <td>-12.332771</td>\n",
       "      <td>-42.064653</td>\n",
       "      <td>-24.575788</td>\n",
       "      <td>-448.411062</td>\n",
       "      <td>990.809880</td>\n",
       "      <td>-56.983735</td>\n",
       "    </tr>\n",
       "    <tr>\n",
       "      <th>PBR</th>\n",
       "      <td>-6.012014</td>\n",
       "      <td>-58.883625</td>\n",
       "      <td>21.655720</td>\n",
       "      <td>78.715345</td>\n",
       "      <td>8.157412</td>\n",
       "      <td>-66.472504</td>\n",
       "      <td>-56.983735</td>\n",
       "      <td>507.041427</td>\n",
       "    </tr>\n",
       "  </tbody>\n",
       "</table>\n",
       "</div>"
      ],
      "text/plain": [
       "              AAPL         AMZN        NVDA         MSFT       GOOGL  \\\n",
       "AAPL   1101.014253   -84.607133 -136.352849   -27.537577 -314.975646   \n",
       "AMZN    -84.607133  1210.331572 -143.417098  -535.378503 -332.687011   \n",
       "NVDA   -136.352849  -143.417098  452.791403  -399.291505   15.394511   \n",
       "MSFT    -27.537577  -535.378503 -399.291505  2042.109343 -126.879566   \n",
       "GOOGL  -314.975646  -332.687011   15.394511  -126.879566  890.174351   \n",
       "KO     -510.116808    62.858205  158.348249    98.641747   53.758788   \n",
       "NOC     129.717256    82.174257  -12.332771   -42.064653  -24.575788   \n",
       "PBR      -6.012014   -58.883625   21.655720    78.715345    8.157412   \n",
       "\n",
       "                KO         NOC         PBR  \n",
       "AAPL   -510.116808  129.717256   -6.012014  \n",
       "AMZN     62.858205   82.174257  -58.883625  \n",
       "NVDA    158.348249  -12.332771   21.655720  \n",
       "MSFT     98.641747  -42.064653   78.715345  \n",
       "GOOGL    53.758788  -24.575788    8.157412  \n",
       "KO     3156.120885 -448.411062  -66.472504  \n",
       "NOC    -448.411062  990.809880  -56.983735  \n",
       "PBR     -66.472504  -56.983735  507.041427  "
      ]
     },
     "execution_count": 107,
     "metadata": {},
     "output_type": "execute_result"
    }
   ],
   "source": [
    "precision_matrix = pd.DataFrame(inv(cov_matrix), index=stocks, columns=stocks)\n",
    "precision_matrix"
   ]
  },
  {
   "cell_type": "markdown",
   "id": "35d39166",
   "metadata": {},
   "source": [
    "## Risk-Free Rate"
   ]
  },
  {
   "cell_type": "code",
   "execution_count": 108,
   "id": "50b3f4f1",
   "metadata": {},
   "outputs": [],
   "source": [
    "today = dt.date.today()\n",
    "initial_day = today - dt.timedelta(days=365*5)"
   ]
  },
  {
   "cell_type": "code",
   "execution_count": 109,
   "id": "133b8bad",
   "metadata": {},
   "outputs": [],
   "source": [
    "treasury_10yr_monthly = (web.DataReader('DGS10', 'fred', initial_day, today)\n",
    "                         .resample('ME')\n",
    "                         .last()\n",
    "                         .div(periods_per_year)\n",
    "                         .div(100)\n",
    "                         .squeeze())"
   ]
  },
  {
   "cell_type": "code",
   "execution_count": 110,
   "id": "2ff8c5e3",
   "metadata": {},
   "outputs": [
    {
     "data": {
      "text/plain": [
       "DATE\n",
       "2021-03-31    0.000424\n",
       "2021-04-30    0.000402\n",
       "2021-05-31    0.000385\n",
       "2021-06-30    0.000354\n",
       "2021-07-31    0.000302\n",
       "2021-08-31    0.000317\n",
       "2021-09-30    0.000371\n",
       "2021-10-31    0.000378\n",
       "2021-11-30    0.000349\n",
       "2021-12-31    0.000371\n",
       "2022-01-31    0.000437\n",
       "2022-02-28    0.000446\n",
       "2022-03-31    0.000566\n",
       "2022-04-30    0.000705\n",
       "2022-05-31    0.000695\n",
       "2022-06-30    0.000727\n",
       "2022-07-31    0.000651\n",
       "2022-08-31    0.000768\n",
       "2022-09-30    0.000934\n",
       "2022-10-31    0.001000\n",
       "2022-11-30    0.000898\n",
       "2022-12-31    0.000946\n",
       "2023-01-31    0.000859\n",
       "2023-02-28    0.000956\n",
       "2023-03-31    0.000849\n",
       "2023-04-30    0.000839\n",
       "2023-05-31    0.000888\n",
       "2023-06-30    0.000929\n",
       "2023-07-31    0.000968\n",
       "2023-08-31    0.000998\n",
       "2023-09-30    0.001120\n",
       "2023-10-31    0.001190\n",
       "2023-11-30    0.001066\n",
       "2023-12-31    0.000946\n",
       "2024-01-31    0.000973\n",
       "2024-02-29    0.001037\n",
       "2024-03-31    0.001024\n",
       "2024-04-30    0.001144\n",
       "2024-05-31    0.001100\n",
       "2024-06-30    0.001063\n",
       "2024-07-31    0.000998\n",
       "2024-08-31    0.000954\n",
       "2024-09-30    0.000929\n",
       "2024-10-31    0.001044\n",
       "2024-11-30    0.001020\n",
       "2024-12-31    0.001117\n",
       "2025-01-31    0.001117\n",
       "2025-02-28    0.001034\n",
       "2025-03-31    0.001032\n",
       "2025-04-30    0.001017\n",
       "2025-05-31    0.001076\n",
       "2025-06-30    0.001034\n",
       "2025-07-31    0.001066\n",
       "2025-08-31    0.001032\n",
       "2025-09-30    0.001015\n",
       "2025-10-31    0.001002\n",
       "2025-11-30    0.000980\n",
       "2025-12-31    0.001020\n",
       "2026-01-31    0.001039\n",
       "2026-02-28    0.000968\n",
       "2026-03-31    0.000990\n",
       "Freq: ME, Name: DGS10, dtype: float64"
      ]
     },
     "execution_count": 110,
     "metadata": {},
     "output_type": "execute_result"
    }
   ],
   "source": [
    "treasury_10yr_monthly\n"
   ]
  },
  {
   "cell_type": "code",
   "execution_count": 111,
   "id": "9a97b493",
   "metadata": {},
   "outputs": [],
   "source": [
    "rf_rate = 0.000990"
   ]
  },
  {
   "cell_type": "markdown",
   "id": "c6ee3c09",
   "metadata": {},
   "source": [
    "## Simualate Random Portfolios"
   ]
  },
  {
   "cell_type": "code",
   "execution_count": 112,
   "id": "05b829e5",
   "metadata": {},
   "outputs": [],
   "source": [
    "def simulate_portfolios(mean_ret, cov, rf_rate=rf_rate, short=True):\n",
    "    alpha = np.full(shape=n_assets, fill_value=.05)\n",
    "    weights = dirichlet(alpha=alpha, size=NUM_PF)\n",
    "    if short:\n",
    "        weights *= choice([-1, 1], size=weights.shape)\n",
    "\n",
    "    returns = weights @ mean_ret.values + 1\n",
    "    returns = returns ** periods_per_year - 1\n",
    "    std = (weights @ weekly_returns.T).std(1)\n",
    "    std *= np.sqrt(periods_per_year)\n",
    "    sharpe = (returns - rf_rate) / std\n",
    "    return pd.DataFrame({'Annualized Standard Deviation': std,\n",
    "                         'Annualized Returns': returns,\n",
    "                         'Sharpe Ratio': sharpe}), weights"
   ]
  },
  {
   "cell_type": "code",
   "execution_count": 113,
   "id": "bcb10156",
   "metadata": {},
   "outputs": [],
   "source": [
    "simul_perf, simul_wt = simulate_portfolios(mean_returns, cov_matrix, short=False)\n"
   ]
  },
  {
   "cell_type": "code",
   "execution_count": 114,
   "id": "e5eeb9e1",
   "metadata": {},
   "outputs": [
    {
     "data": {
      "text/html": [
       "<div>\n",
       "<style scoped>\n",
       "    .dataframe tbody tr th:only-of-type {\n",
       "        vertical-align: middle;\n",
       "    }\n",
       "\n",
       "    .dataframe tbody tr th {\n",
       "        vertical-align: top;\n",
       "    }\n",
       "\n",
       "    .dataframe thead th {\n",
       "        text-align: right;\n",
       "    }\n",
       "</style>\n",
       "<table border=\"1\" class=\"dataframe\">\n",
       "  <thead>\n",
       "    <tr style=\"text-align: right;\">\n",
       "      <th></th>\n",
       "      <th>Annualized Standard Deviation</th>\n",
       "      <th>Annualized Returns</th>\n",
       "      <th>Sharpe Ratio</th>\n",
       "    </tr>\n",
       "  </thead>\n",
       "  <tbody>\n",
       "    <tr>\n",
       "      <th>0</th>\n",
       "      <td>0.242258</td>\n",
       "      <td>0.237679</td>\n",
       "      <td>0.977010</td>\n",
       "    </tr>\n",
       "    <tr>\n",
       "      <th>1</th>\n",
       "      <td>0.260645</td>\n",
       "      <td>0.539211</td>\n",
       "      <td>2.064955</td>\n",
       "    </tr>\n",
       "    <tr>\n",
       "      <th>2</th>\n",
       "      <td>0.182719</td>\n",
       "      <td>0.172163</td>\n",
       "      <td>0.936810</td>\n",
       "    </tr>\n",
       "    <tr>\n",
       "      <th>3</th>\n",
       "      <td>0.187888</td>\n",
       "      <td>0.191156</td>\n",
       "      <td>1.012125</td>\n",
       "    </tr>\n",
       "    <tr>\n",
       "      <th>4</th>\n",
       "      <td>0.381751</td>\n",
       "      <td>0.800006</td>\n",
       "      <td>2.093031</td>\n",
       "    </tr>\n",
       "  </tbody>\n",
       "</table>\n",
       "</div>"
      ],
      "text/plain": [
       "   Annualized Standard Deviation  Annualized Returns  Sharpe Ratio\n",
       "0                       0.242258            0.237679      0.977010\n",
       "1                       0.260645            0.539211      2.064955\n",
       "2                       0.182719            0.172163      0.936810\n",
       "3                       0.187888            0.191156      1.012125\n",
       "4                       0.381751            0.800006      2.093031"
      ]
     },
     "execution_count": 114,
     "metadata": {},
     "output_type": "execute_result"
    }
   ],
   "source": [
    "simul_perf.head(5)\n"
   ]
  },
  {
   "cell_type": "markdown",
   "id": "959c33d6",
   "metadata": {},
   "source": [
    "## Plot Simulated Portfolios"
   ]
  },
  {
   "cell_type": "code",
   "execution_count": 115,
   "id": "edf00109",
   "metadata": {},
   "outputs": [
    {
     "name": "stdout",
     "output_type": "stream",
     "text": [
      "Max Sharpe: 22.31%, 53.51%\n"
     ]
    },
    {
     "data": {
